P 100 299
P 105 431
P 140 527
P 152 104
P 255 363
P 291 211
P 314 546
P 375 96
P 375 462
P 429 301
P 451 381
P 482 173
P 532 316
P 532 508
E 0 168 177 215
E 0 369 164 363
E 0 524 204 449
E 0 2615 234 471
E 260 0 264 103
E 164 363 203 270
E 164 363 204 449
E 177 215 203 270
E 177 215 264 103
E 203 270 331 301
E 204 449 234 471
E 234 471 279 456
E 264 103 387 193
E 279 456 354 366
E 279 456 430 566
E 331 301 354 365
E 331 301 390 210
E 354 366 354 365
E 354 366 459 465
E 354 365 477 331
E 387 193 390 210
E 387 193 525 0
E 390 210 489 251
E 430 566 459 465
E 430 566 436 600
E 459 465 542 412
E 477 331 489 251
E 477 331 542 412
E 489 251 600 212
E 542 412 600 412

